255 255 255 255 255 255 255 255 255 255 255 255 255 255 255 255
255 255 255 255 255 255 255 255 255 255 255 255 255 255 255 255
255 255   0   0   0   0   0   0   0   0   0   0   0   0 255 255
255 255   0   0   0   0   0   0   0   0   0   0   0   0 255 255
255 255   0   0   0   0   0   0   0   0   0   0   0   0 255 255
255 255   0   0   0   0   0   0   0   0   0   0   0   0 255 255
255 255   0   0   0 255 255 159   0   0   0   0   0   0 255 255
255 255   0   0   0   0   0   0   0   0   0   0   0   0 255 255
255 255   0   0   0   0   0   0   0 159   0   0   0   0 255 255
255 255   0   0   0   0   0   0   0 255   0   0   0   0 255 255
255 255   0   0   0   0   0   0   0 255   0   0   0   0 255 255
255 255   0   0   0   0   0   0   0   0   0   0   0   0 255 255
255 255   0   0   0   0   0   0   0   0   0   0   0   0 255 255
255 255   0   0   0   0   0   0   0   0   0   0   0   0 255 255
255 255 255 255 255 255 255 255 255 255 255 255 255 255 255 255
255 255 255 255 255 255 255 255 255 255 255 255 255 255 255 255
255 255 255 255 255 255 255 255 255 255 255 255 255 255 255 255
255 255 255 255 255 255 255 255 255 255 255 255 255 255 255 255
255 255   0   0   0   0   0   0   0   0   0   0   0   0 255 255
255 255   0   0   0   0   0   0   0   0   0   0   0   0 255 255
255 255   0   0   0   0   0   0   0   0   0   0   0   0 255 255
255 255   0   0   0   0   0   0   0   0   0   0   0   0 255 255
255 255   0   0   0 255 255 159   0   0   0   0   0   0 255 255
255 255   0   0   0   0   0   0   0   0   0   0   0   0 255 255
255 255   0   0   0   0   0   0   0 159   0   0   0   0 255 255
255 255   0   0   0   0   0   0   0 255   0   0   0   0 255 255
255 255   0   0   0   0   0   0   0 255   0   0   0   0 255 255
255 255   0   0   0   0   0   0   0   0   0   0   0   0 255 255
255 255   0   0   0   0   0   0   0   0   0   0   0   0 255 255
255 255   0   0   0   0   0   0   0   0   0   0   0   0 255 255
255 255 255 255 255 255 255 255 255 255 255 255 255 255 255 255
255 255 255 255 255 255 255 255 255 255 255 255 255 255 255 255
255 255 255 255 255 255 255 255 255 255 255 255 255 255 255 255
255 255 255 255 255 255 255 255 255 255 255 255 255 255 255 255
255 255   0   0   0   0   0   0   0   0   0   0   0   0 255 255
255 255   0   0   0   0   0   0   0   0   0   0   0   0 255 255
255 255   0   0   0   0   0   0   0   0   0   0   0   0 255 255
255 255   0   0   0   0   0   0   0   0   0   0   0   0 255 255
255 255   0   0   0 255 255 159   0   0   0   0   0   0 255 255
255 255   0   0   0   0   0   0   0   0   0   0   0   0 255 255
255 255   0   0   0   0   0   0   0 159   0   0   0   0 255 255
255 255   0   0   0   0   0   0   0 255   0   0   0   0 255 255
255 255   0   0   0   0   0   0   0 255   0   0   0   0 255 255
255 255   0   0   0   0   0   0   0   0   0   0   0   0 255 255
255 255   0   0   0   0   0   0   0   0   0   0   0   0 255 255
255 255   0   0   0   0   0   0   0   0   0   0   0   0 255 255
255 255 255 255 255 255 255 255 255 255 255 255 255 255 255 255
255 255 255 255 255 255 255 255 255 255 255 255 255 255 255 255

224 239 239 239 239 239 239 239 239 239 239 239 239 239 239 224
239 239 191 191 191 191 191 191 191 191 191 191 191 191 239 239
239 191   0   0   0   0   0   0   0   0   0   0   0   0 191 239
239 191   0   0   0   0   0   0   0   0   0   0   0   0 191 239
239 191   0   0   3  31  31  31  15   0   0   0   0   0 191 239
239 191   0   0  31 177 114 114  56   0   0   0   0   0 191 239
239 191   0   0  31 114   0   0  73 146 187  30   0   0 191 239
239 191   0   0  31 114   0   0   0   0 104  31   0   0 191 239
239 191   0   0  15  56  73   0   0   0 104  31   0   0 191 239
239 191   0   0   0   0 146   0   0   0 104  31   0   0 191 239
239 191   0   0   0   0 191 114 114 114 172  31   0   0 191 239
239 191   0   0   0   0  30  31  31  31  31   3   0   0 191 239
239 191   0   0   0   0   0   0   0   0   0   0   0   0 191 239
239 191   0   0   0   0   0   0   0   0   0   0   0   0 191 239
239 239 191 191 191 191 191 191 191 191 191 191 191 191 239 239
224 239 239 239 239 239 239 239 239 239 239 239 239 239 239 224
224 239 239 239 239 239 239 239 239 239 239 239 239 239 239 224
239 239 191 191 191 191 191 191 191 191 191 191 191 191 239 239
239 191   0   0   0   0   0   0   0   0   0   0   0   0 191 239
239 191   0   0   0   0   0   0   0   0   0   0   0   0 191 239
239 191   0   0   3  31  31  31  15   0   0   0   0   0 191 239
239 191   0   0  31 177 114 114  56   0   0   0   0   0 191 239
239 191   0   0  31 114   0   0  73 146 187  30   0   0 191 239
239 191   0   0  31 114   0   0   0   0 104  31   0   0 191 239
239 191   0   0  15  56  73   0   0   0 104  31   0   0 191 239
239 191   0   0   0   0 146   0   0   0 104  31   0   0 191 239
239 191   0   0   0   0 191 114 114 114 172  31   0   0 191 239
239 191   0   0   0   0  30  31  31  31  31   3   0   0 191 239
239 191   0   0   0   0   0   0   0   0   0   0   0   0 191 239
239 191   0   0   0   0   0   0   0   0   0   0   0   0 191 239
239 239 191 191 191 191 191 191 191 191 191 191 191 191 239 239
224 239 239 239 239 239 239 239 239 239 239 239 239 239 239 224
224 239 239 239 239 239 239 239 239 239 239 239 239 239 239 224
239 239 191 191 191 191 191 191 191 191 191 191 191 191 239 239
239 191   0   0   0   0   0   0   0   0   0   0   0   0 191 239
239 191   0   0   0   0   0   0   0   0   0   0   0   0 191 239
239 191   0   0   3  31  31  31  15   0   0   0   0   0 191 239
239 191   0   0  31 177 114 114  56   0   0   0   0   0 191 239
239 191   0   0  31 114   0   0  73 146 187  30   0   0 191 239
239 191   0   0  31 114   0   0   0   0 104  31   0   0 191 239
239 191   0   0  15  56  73   0   0   0 104  31   0   0 191 239
239 191   0   0   0   0 146   0   0   0 104  31   0   0 191 239
239 191   0   0   0   0 191 114 114 114 172  31   0   0 191 239
239 191   0   0   0   0  30  31  31  31  31   3   0   0 191 239
239 191   0   0   0   0   0   0   0   0   0   0   0   0 191 239
239 191   0   0   0   0   0   0   0   0   0   0   0   0 191 239
239 239 191 191 191 191 191 191 191 191 191 191 191 191 239 239
224 239 239 239 239 239 239 239 239 239 239 239 239 239 239 224

224 239 239 239 239 239 239 239 239 239 239 239 239 239 239 224
239 239 191 191 191 191 191 191 191 191 191 191 191 191 239 239
239 191   0   0   0   0   0   0   0   0   0   0   0   0 191 239
239 191   0   0   0   0   0   0   0   0   0   0   0   0 191 239
239 191   0   0   0   0  30  31  31  31  31   3   0   0 191 239
239 191   0   0   0   0 187 104 104 104 172  31   0   0 191 239
239 191   0   0   0   0 146   0   0   0 114  31   0   0 191 239
239 191   0   0  15  56  73   0   0   0 114  31   0   0 191 239
239 191   0   0  31 114   0   0   0   0 114  31   0   0 191 239
239 191   0   0  31 114   0   0  73 146 191  30   0   0 191 239
239 191   0   0  31 177 114 114  56   0   0   0   0   0 191 239
239 191   0   0   3  31  31  31  15   0   0   0   0   0 191 239
239 191   0   0   0   0   0   0   0   0   0   0   0   0 191 239
239 191   0   0   0   0   0   0   0   0   0   0   0   0 191 239
239 239 191 191 191 191 191 191 191 191 191 191 191 191 239 239
224 239 239 239 239 239 239 239 239 239 239 239 239 239 239 224
224 239 239 239 239 239 239 239 239 239 239 239 239 239 239 224
239 239 191 191 191 191 191 191 191 191 191 191 191 191 239 239
239 191   0   0   0   0   0   0   0   0   0   0   0   0 191 239
239 191   0   0   0   0   0   0   0   0   0   0   0   0 191 239
239 191   0   0   0   0  30  31  31  31  31   3   0   0 191 239
239 191   0   0   0   0 187 104 104 104 172  31   0   0 191 239
239 191   0   0   0   0 146   0   0   0 114  31   0   0 191 239
239 191   0   0  15  56  73   0   0   0 114  31   0   0 191 239
239 191   0   0  31 114   0   0   0   0 114  31   0   0 191 239
239 191   0   0  31 114   0   0  73 146 191  30   0   0 191 239
239 191   0   0  31 177 114 114  56   0   0   0   0   0 191 239
239 191   0   0   3  31  31  31  15   0   0   0   0   0 191 239
239 191   0   0   0   0   0   0   0   0   0   0   0   0 191 239
239 191   0   0   0   0   0   0   0   0   0   0   0   0 191 239
239 239 191 191 191 191 191 191 191 191 191 191 191 191 239 239
224 239 239 239 239 239 239 239 239 239 239 239 239 239 239 224
224 239 239 239 239 239 239 239 239 239 239 239 239 239 239 224
239 239 191 191 191 191 191 191 191 191 191 191 191 191 239 239
239 191   0   0   0   0   0   0   0   0   0   0   0   0 191 239
239 191   0   0   0   0   0   0   0   0   0   0   0   0 191 239
239 191   0   0   0   0  30  31  31  31  31   3   0   0 191 239
239 191   0   0   0   0 187 104 104 104 172  31   0   0 191 239
239 191   0   0   0   0 146   0   0   0 114  31   0   0 191 239
239 191   0   0  15  56  73   0   0   0 114  31   0   0 191 239
239 191   0   0  31 114   0   0   0   0 114  31   0   0 191 239
239 191   0   0  31 114   0   0  73 146 191  30   0   0 191 239
239 191   0   0  31 177 114 114  56   0   0   0   0   0 191 239
239 191   0   0   3  31  31  31  15   0   0   0   0   0 191 239
239 191   0   0   0   0   0   0   0   0   0   0   0   0 191 239
239 191   0   0   0   0   0   0   0   0   0   0   0   0 191 239
239 239 191 191 191 191 191 191 191 191 191 191 191 191 239 239
224 239 239 239 239 239 239 239 239 239 239 239 239 239 239 224

224 239 239 239 239 239 239 239 239 239 239 239 239 239 239 224
239 239 191 191 191 191 191 191 191 191 191 191 191 191 239 239
239 191   0   0   0   0   0   0   0   0   0   0   0   0 191 239
239 191   0   0   0   0   0   0   0   0   0   0   0   0 191 239
239 191   0   0   3  31  31  31  31  30   0   0   0   0 191 239
239 191   0   0  31 172 114 114 114 191   0   0   0   0 191 239
239 191   0   0  31 104   0   0   0 146   0   0   0   0 191 239
239 191   0   0  31 104   0   0   0  73  56  15   0   0 191 239
239 191   0   0  31 104   0   0   0   0 114  31   0   0 191 239
239 191   0   0  30 187 146  73   0   0 114  31   0   0 191 239
239 191   0   0   0   0   0  56 114 114 177  31   0   0 191 239
239 191   0   0   0   0   0  15  31  31  31   3   0   0 191 239
239 191   0   0   0   0   0   0   0   0   0   0   0   0 191 239
239 191   0   0   0   0   0   0   0   0   0   0   0   0 191 239
239 239 191 191 191 191 191 191 191 191 191 191 191 191 239 239
224 239 239 239 239 239 239 239 239 239 239 239 239 239 239 224
224 239 239 239 239 239 239 239 239 239 239 239 239 239 239 224
239 239 191 191 191 191 191 191 191 191 191 191 191 191 239 239
239 191   0   0   0   0   0   0   0   0   0   0   0   0 191 239
239 191   0   0   0   0   0   0   0   0   0   0   0   0 191 239
239 191   0   0   3  31  31  31  31  30   0   0   0   0 191 239
239 191   0   0  31 172 114 114 114 191   0   0   0   0 191 239
239 191   0   0  31 104   0   0   0 146   0   0   0   0 191 239
239 191   0   0  31 104   0   0   0  73  56  15   0   0 191 239
239 191   0   0  31 104   0   0   0   0 114  31   0   0 191 239
239 191   0   0  30 187 146  73   0   0 114  31   0   0 191 239
239 191   0   0   0   0   0  56 114 114 177  31   0   0 191 239
239 191   0   0   0   0   0  15  31  31  31   3   0   0 191 239
239 191   0   0   0   0   0   0   0   0   0   0   0   0 191 239
239 191   0   0   0   0   0   0   0   0   0   0   0   0 191 239
239 239 191 191 191 191 191 191 191 191 191 191 191 191 239 239
224 239 239 239 239 239 239 239 239 239 239 239 239 239 239 224
224 239 239 239 239 239 239 239 239 239 239 239 239 239 239 224
239 239 191 191 191 191 191 191 191 191 191 191 191 191 239 239
239 191   0   0   0   0   0   0   0   0   0   0   0   0 191 239
239 191   0   0   0   0   0   0   0   0   0   0   0   0 191 239
239 191   0   0   3  31  31  31  31  30   0   0   0   0 191 239
239 191   0   0  31 172 114 114 114 191   0   0   0   0 191 239
239 191   0   0  31 104   0   0   0 146   0   0   0   0 191 239
239 191   0   0  31 104   0   0   0  73  56  15   0   0 191 239
239 191   0   0  31 104   0   0   0   0 114  31   0   0 191 239
239 191   0   0  30 187 146  73   0   0 114  31   0   0 191 239
239 191   0   0   0   0   0  56 114 114 177  31   0   0 191 239
239 191   0   0   0   0   0  15  31  31  31   3   0   0 191 239
239 191   0   0   0   0   0   0   0   0   0   0   0   0 191 239
239 191   0   0   0   0   0   0   0   0   0   0   0   0 191 239
239 239 191 191 191 191 191 191 191 191 191 191 191 191 239 239
224 239 239 239 239 239 239 239 239 239 239 239 239 239 239 224
